world: a3d22982-536b-40b7-a150-b1617c677c5a
world-name: world
x: -193.5197365284623
y: 69.0
z: -30.387610204596477
yaw: -27.300230026245117
pitch: 1.6500118970870972
name: jenefjenfj
lastowner: 3c506a13-aae6-4873-9b60-baf0094e2f8a
